{
  "nbformat": 4,
  "nbformat_minor": 0,
  "metadata": {
    "colab": {
      "provenance": []
    },
    "kernelspec": {
      "name": "python3",
      "display_name": "Python 3"
    },
    "language_info": {
      "name": "python"
    }
  },
  "cells": [
    {
      "cell_type": "code",
      "execution_count": 19,
      "metadata": {
        "id": "wxU68Aflw4aY"
      },
      "outputs": [],
      "source": [
        "import pandas as pd\n",
        "import random\n",
        "from gensim.models import Word2Vec\n",
        "from scipy.spatial.distance import cosine\n",
        "from scipy.stats import ttest_ind\n",
        "import seaborn as sns\n",
        "import matplotlib.pyplot as plt\n",
        "\n"
      ]
    },
    {
      "cell_type": "code",
      "source": [
        "df_train = pd.read_csv(\"RB198.csv\")\n"
      ],
      "metadata": {
        "id": "C2bV1glCztW6"
      },
      "execution_count": 2,
      "outputs": []
    },
    {
      "cell_type": "code",
      "source": [
        "# Function to alter a certain percentage of residues in a sequence\n",
        "def alter_sequence(sequence, alter_percent):\n",
        "    sequence = list(sequence)\n",
        "    num_to_alter = int(len(sequence) * alter_percent / 100)\n",
        "    positions = random.sample(range(len(sequence)), num_to_alter)\n",
        "    for pos in positions:\n",
        "        sequence[pos] = random.choice('ACDEFGHIKLMNPQRSTVWY')  # 20 standard amino acids\n",
        "    return ''.join(sequence)\n",
        "\n",
        "def cosine_similarity(vec1, vec2):\n",
        "    return 1 - cosine(vec1, vec2)"
      ],
      "metadata": {
        "id": "sUTOfWLDxFOP"
      },
      "execution_count": 3,
      "outputs": []
    },
    {
      "cell_type": "code",
      "execution_count": 4,
      "metadata": {
        "id": "veovaNmiTRUO"
      },
      "outputs": [],
      "source": [
        "original_sequences = df_train['Sequence'].tolist()\n",
        "\n",
        "# Generate datasets with altered sequences\n",
        "alter_percentages = [40, 45, 50, 55]\n",
        "altered_datasets = {percent: [] for percent in alter_percentages}\n",
        "\n",
        "for seq in original_sequences:\n",
        "    for percent in alter_percentages:\n",
        "        altered_seq = alter_sequence(seq, percent)\n",
        "        altered_datasets[percent].append(altered_seq)\n"
      ]
    },
    {
      "cell_type": "code",
      "source": [
        "# Train Word2Vec models on each altered dataset\n",
        "word2vec_models = {}\n",
        "for percent, sequences in altered_datasets.items():\n",
        "    # Tokenize sequences for Word2Vec (simple tokenization by splitting each residue as a token)\n",
        "    tokenized_sequences = [[residue for residue in seq] for seq in sequences]\n",
        "    model = Word2Vec(sentences=tokenized_sequences, vector_size=25, window=5, min_count=1, workers=1 , epochs=200, sg=0, negative=5)\n",
        "    word2vec_models[percent] = model\n"
      ],
      "metadata": {
        "id": "zGFpYLI1v4Lx"
      },
      "execution_count": 7,
      "outputs": []
    },
    {
      "cell_type": "code",
      "source": [
        "import numpy as np\n",
        "\n",
        "amino_acids = word2vec_models[40].wv.index_to_key\n",
        "semantic_relationships = {percent: {} for percent in alter_percentages}\n",
        "\n",
        "for percent, model in word2vec_models.items():\n",
        "    for aa1 in amino_acids:\n",
        "        for aa2 in amino_acids:\n",
        "            if aa1 != aa2:\n",
        "                vec1 = model.wv[aa1]\n",
        "                vec2 = model.wv[aa2]\n",
        "                similarity = cosine_similarity(vec1, vec2)\n",
        "                if aa1 not in semantic_relationships[percent]:\n",
        "                    semantic_relationships[percent][aa1] = []\n",
        "                semantic_relationships[percent][aa1].append(similarity)\n",
        "\n",
        "p_value_matrix = pd.DataFrame(index=amino_acids, columns=amino_acids)\n",
        "\n",
        "# Perform pairwise t-tests and fill the p-value matrix\n",
        "for aa1 in amino_acids:\n",
        "    for aa2 in amino_acids:\n",
        "        if aa1 != aa2:\n",
        "            similarities_aa1 = [semantic_relationships[percent][aa1] for percent in alter_percentages]\n",
        "            similarities_aa2 = [semantic_relationships[percent][aa2] for percent in alter_percentages]\n",
        "            t_stat, p_val = ttest_ind(similarities_aa1, similarities_aa2)\n",
        "            p_value_matrix.at[aa1, aa2] = np.average(p_val)\n",
        "        else:\n",
        "            p_value_matrix.at[aa1, aa2] = 1  # Self-comparison is not needed\n",
        "\n"
      ],
      "metadata": {
        "id": "xAPWoYmmwT9X"
      },
      "execution_count": null,
      "outputs": []
    },
    {
      "cell_type": "code",
      "source": [
        "p_value_matrix"
      ],
      "metadata": {
        "colab": {
          "base_uri": "https://localhost:8080/",
          "height": 696
        },
        "id": "GweFsVQTULIN",
        "outputId": "6404b92a-dcba-420a-dfb3-21d58736baf9"
      },
      "execution_count": 47,
      "outputs": [
        {
          "output_type": "execute_result",
          "data": {
            "text/plain": [
              "          L         E         A         V         K         R         G  \\\n",
              "L         1  0.358516  0.489396  0.438024  0.571166  0.382873   0.42634   \n",
              "E  0.358516         1   0.36226  0.358213  0.357356  0.467451  0.213571   \n",
              "A  0.489396   0.36226         1  0.686614  0.488474  0.418287  0.359287   \n",
              "V  0.438024  0.358213  0.686614         1  0.450533    0.5253  0.388275   \n",
              "K  0.571166  0.357356  0.488474  0.450533         1  0.346926   0.27624   \n",
              "R  0.382873  0.467451  0.418287    0.5253  0.346926         1  0.337452   \n",
              "G   0.42634  0.213571  0.359287  0.388275   0.27624  0.337452         1   \n",
              "I  0.472805  0.284627  0.468997  0.451888  0.454199  0.227315  0.320258   \n",
              "D  0.488315  0.181662  0.390619  0.388071  0.286862   0.26224  0.342398   \n",
              "S  0.467044  0.176171  0.403698  0.401611   0.33559  0.246771  0.283113   \n",
              "T  0.433754  0.177573  0.416699  0.355068  0.269351  0.240293  0.314232   \n",
              "P  0.448539  0.156391  0.432234  0.395851  0.324281  0.299467  0.433682   \n",
              "F   0.42481  0.151423  0.393321  0.344006  0.312725  0.188448   0.33526   \n",
              "Q   0.50293  0.247047  0.546067  0.471352  0.385024  0.378527  0.399931   \n",
              "N  0.414336  0.182776  0.461902   0.40454  0.314626  0.198823  0.391594   \n",
              "Y  0.556169  0.279763  0.497467  0.447657  0.377968  0.244051  0.451791   \n",
              "H  0.516838  0.239668  0.456986  0.454337  0.521225  0.322443  0.338396   \n",
              "M  0.516488  0.266956  0.374331  0.293562   0.34473  0.154704  0.372848   \n",
              "W  0.603085  0.282818  0.562069  0.418318   0.45078  0.225456  0.381935   \n",
              "C  0.581374  0.240928  0.451392  0.406703  0.360359  0.310332  0.437911   \n",
              "\n",
              "          I         D         S         T         P         F         Q  \\\n",
              "L  0.472805  0.488315  0.467044  0.433754  0.448539   0.42481   0.50293   \n",
              "E  0.284627  0.181662  0.176171  0.177573  0.156391  0.151423  0.247047   \n",
              "A  0.468997  0.390619  0.403698  0.416699  0.432234  0.393321  0.546067   \n",
              "V  0.451888  0.388071  0.401611  0.355068  0.395851  0.344006  0.471352   \n",
              "K  0.454199  0.286862   0.33559  0.269351  0.324281  0.312725  0.385024   \n",
              "R  0.227315   0.26224  0.246771  0.240293  0.299467  0.188448  0.378527   \n",
              "G  0.320258  0.342398  0.283113  0.314232  0.433682   0.33526  0.399931   \n",
              "I         1  0.433734   0.47648   0.52168  0.402624  0.527008  0.380446   \n",
              "D  0.433734         1  0.520455  0.549414  0.479026   0.50824  0.421208   \n",
              "S   0.47648  0.520455         1  0.537683  0.358812  0.439229  0.407601   \n",
              "T   0.52168  0.549414  0.537683         1  0.510632  0.577125  0.485246   \n",
              "P  0.402624  0.479026  0.358812  0.510632         1  0.515635  0.522761   \n",
              "F  0.527008   0.50824  0.439229  0.577125  0.515635         1  0.442457   \n",
              "Q  0.380446  0.421208  0.407601  0.485246  0.522761  0.442457         1   \n",
              "N  0.448222  0.413024  0.507505  0.448717  0.425328  0.534747  0.454685   \n",
              "Y  0.534396  0.547493  0.543883  0.484021  0.491983  0.529002  0.521185   \n",
              "H  0.369129  0.360296  0.509893  0.439952  0.438221  0.492132  0.561724   \n",
              "M  0.490382  0.581807  0.414364   0.62918  0.506071  0.578326  0.415833   \n",
              "W  0.527613  0.452207  0.462064  0.553718  0.537407  0.559324  0.471438   \n",
              "C  0.413315   0.42458  0.476645  0.492699  0.521332  0.565073  0.548329   \n",
              "\n",
              "          N         Y         H         M         W         C  \n",
              "L  0.414336  0.556169  0.516838  0.516488  0.603085  0.581374  \n",
              "E  0.182776  0.279763  0.239668  0.266956  0.282818  0.240928  \n",
              "A  0.461902  0.497467  0.456986  0.374331  0.562069  0.451392  \n",
              "V   0.40454  0.447657  0.454337  0.293562  0.418318  0.406703  \n",
              "K  0.314626  0.377968  0.521225   0.34473   0.45078  0.360359  \n",
              "R  0.198823  0.244051  0.322443  0.154704  0.225456  0.310332  \n",
              "G  0.391594  0.451791  0.338396  0.372848  0.381935  0.437911  \n",
              "I  0.448222  0.534396  0.369129  0.490382  0.527613  0.413315  \n",
              "D  0.413024  0.547493  0.360296  0.581807  0.452207   0.42458  \n",
              "S  0.507505  0.543883  0.509893  0.414364  0.462064  0.476645  \n",
              "T  0.448717  0.484021  0.439952   0.62918  0.553718  0.492699  \n",
              "P  0.425328  0.491983  0.438221  0.506071  0.537407  0.521332  \n",
              "F  0.534747  0.529002  0.492132  0.578326  0.559324  0.565073  \n",
              "Q  0.454685  0.521185  0.561724  0.415833  0.471438  0.548329  \n",
              "N         1  0.551494   0.44903  0.466179  0.531248  0.566264  \n",
              "Y  0.551494         1  0.452693  0.541381  0.562397  0.559546  \n",
              "H   0.44903  0.452693         1  0.461351  0.486011  0.581191  \n",
              "M  0.466179  0.541381  0.461351         1  0.665399  0.593847  \n",
              "W  0.531248  0.562397  0.486011  0.665399         1  0.677034  \n",
              "C  0.566264  0.559546  0.581191  0.593847  0.677034         1  "
            ],
            "text/html": [
              "\n",
              "  <div id=\"df-928c3888-cd81-4815-aa8f-dde1e8b78e50\" class=\"colab-df-container\">\n",
              "    <div>\n",
              "<style scoped>\n",
              "    .dataframe tbody tr th:only-of-type {\n",
              "        vertical-align: middle;\n",
              "    }\n",
              "\n",
              "    .dataframe tbody tr th {\n",
              "        vertical-align: top;\n",
              "    }\n",
              "\n",
              "    .dataframe thead th {\n",
              "        text-align: right;\n",
              "    }\n",
              "</style>\n",
              "<table border=\"1\" class=\"dataframe\">\n",
              "  <thead>\n",
              "    <tr style=\"text-align: right;\">\n",
              "      <th></th>\n",
              "      <th>L</th>\n",
              "      <th>E</th>\n",
              "      <th>A</th>\n",
              "      <th>V</th>\n",
              "      <th>K</th>\n",
              "      <th>R</th>\n",
              "      <th>G</th>\n",
              "      <th>I</th>\n",
              "      <th>D</th>\n",
              "      <th>S</th>\n",
              "      <th>T</th>\n",
              "      <th>P</th>\n",
              "      <th>F</th>\n",
              "      <th>Q</th>\n",
              "      <th>N</th>\n",
              "      <th>Y</th>\n",
              "      <th>H</th>\n",
              "      <th>M</th>\n",
              "      <th>W</th>\n",
              "      <th>C</th>\n",
              "    </tr>\n",
              "  </thead>\n",
              "  <tbody>\n",
              "    <tr>\n",
              "      <th>L</th>\n",
              "      <td>1</td>\n",
              "      <td>0.358516</td>\n",
              "      <td>0.489396</td>\n",
              "      <td>0.438024</td>\n",
              "      <td>0.571166</td>\n",
              "      <td>0.382873</td>\n",
              "      <td>0.42634</td>\n",
              "      <td>0.472805</td>\n",
              "      <td>0.488315</td>\n",
              "      <td>0.467044</td>\n",
              "      <td>0.433754</td>\n",
              "      <td>0.448539</td>\n",
              "      <td>0.42481</td>\n",
              "      <td>0.50293</td>\n",
              "      <td>0.414336</td>\n",
              "      <td>0.556169</td>\n",
              "      <td>0.516838</td>\n",
              "      <td>0.516488</td>\n",
              "      <td>0.603085</td>\n",
              "      <td>0.581374</td>\n",
              "    </tr>\n",
              "    <tr>\n",
              "      <th>E</th>\n",
              "      <td>0.358516</td>\n",
              "      <td>1</td>\n",
              "      <td>0.36226</td>\n",
              "      <td>0.358213</td>\n",
              "      <td>0.357356</td>\n",
              "      <td>0.467451</td>\n",
              "      <td>0.213571</td>\n",
              "      <td>0.284627</td>\n",
              "      <td>0.181662</td>\n",
              "      <td>0.176171</td>\n",
              "      <td>0.177573</td>\n",
              "      <td>0.156391</td>\n",
              "      <td>0.151423</td>\n",
              "      <td>0.247047</td>\n",
              "      <td>0.182776</td>\n",
              "      <td>0.279763</td>\n",
              "      <td>0.239668</td>\n",
              "      <td>0.266956</td>\n",
              "      <td>0.282818</td>\n",
              "      <td>0.240928</td>\n",
              "    </tr>\n",
              "    <tr>\n",
              "      <th>A</th>\n",
              "      <td>0.489396</td>\n",
              "      <td>0.36226</td>\n",
              "      <td>1</td>\n",
              "      <td>0.686614</td>\n",
              "      <td>0.488474</td>\n",
              "      <td>0.418287</td>\n",
              "      <td>0.359287</td>\n",
              "      <td>0.468997</td>\n",
              "      <td>0.390619</td>\n",
              "      <td>0.403698</td>\n",
              "      <td>0.416699</td>\n",
              "      <td>0.432234</td>\n",
              "      <td>0.393321</td>\n",
              "      <td>0.546067</td>\n",
              "      <td>0.461902</td>\n",
              "      <td>0.497467</td>\n",
              "      <td>0.456986</td>\n",
              "      <td>0.374331</td>\n",
              "      <td>0.562069</td>\n",
              "      <td>0.451392</td>\n",
              "    </tr>\n",
              "    <tr>\n",
              "      <th>V</th>\n",
              "      <td>0.438024</td>\n",
              "      <td>0.358213</td>\n",
              "      <td>0.686614</td>\n",
              "      <td>1</td>\n",
              "      <td>0.450533</td>\n",
              "      <td>0.5253</td>\n",
              "      <td>0.388275</td>\n",
              "      <td>0.451888</td>\n",
              "      <td>0.388071</td>\n",
              "      <td>0.401611</td>\n",
              "      <td>0.355068</td>\n",
              "      <td>0.395851</td>\n",
              "      <td>0.344006</td>\n",
              "      <td>0.471352</td>\n",
              "      <td>0.40454</td>\n",
              "      <td>0.447657</td>\n",
              "      <td>0.454337</td>\n",
              "      <td>0.293562</td>\n",
              "      <td>0.418318</td>\n",
              "      <td>0.406703</td>\n",
              "    </tr>\n",
              "    <tr>\n",
              "      <th>K</th>\n",
              "      <td>0.571166</td>\n",
              "      <td>0.357356</td>\n",
              "      <td>0.488474</td>\n",
              "      <td>0.450533</td>\n",
              "      <td>1</td>\n",
              "      <td>0.346926</td>\n",
              "      <td>0.27624</td>\n",
              "      <td>0.454199</td>\n",
              "      <td>0.286862</td>\n",
              "      <td>0.33559</td>\n",
              "      <td>0.269351</td>\n",
              "      <td>0.324281</td>\n",
              "      <td>0.312725</td>\n",
              "      <td>0.385024</td>\n",
              "      <td>0.314626</td>\n",
              "      <td>0.377968</td>\n",
              "      <td>0.521225</td>\n",
              "      <td>0.34473</td>\n",
              "      <td>0.45078</td>\n",
              "      <td>0.360359</td>\n",
              "    </tr>\n",
              "    <tr>\n",
              "      <th>R</th>\n",
              "      <td>0.382873</td>\n",
              "      <td>0.467451</td>\n",
              "      <td>0.418287</td>\n",
              "      <td>0.5253</td>\n",
              "      <td>0.346926</td>\n",
              "      <td>1</td>\n",
              "      <td>0.337452</td>\n",
              "      <td>0.227315</td>\n",
              "      <td>0.26224</td>\n",
              "      <td>0.246771</td>\n",
              "      <td>0.240293</td>\n",
              "      <td>0.299467</td>\n",
              "      <td>0.188448</td>\n",
              "      <td>0.378527</td>\n",
              "      <td>0.198823</td>\n",
              "      <td>0.244051</td>\n",
              "      <td>0.322443</td>\n",
              "      <td>0.154704</td>\n",
              "      <td>0.225456</td>\n",
              "      <td>0.310332</td>\n",
              "    </tr>\n",
              "    <tr>\n",
              "      <th>G</th>\n",
              "      <td>0.42634</td>\n",
              "      <td>0.213571</td>\n",
              "      <td>0.359287</td>\n",
              "      <td>0.388275</td>\n",
              "      <td>0.27624</td>\n",
              "      <td>0.337452</td>\n",
              "      <td>1</td>\n",
              "      <td>0.320258</td>\n",
              "      <td>0.342398</td>\n",
              "      <td>0.283113</td>\n",
              "      <td>0.314232</td>\n",
              "      <td>0.433682</td>\n",
              "      <td>0.33526</td>\n",
              "      <td>0.399931</td>\n",
              "      <td>0.391594</td>\n",
              "      <td>0.451791</td>\n",
              "      <td>0.338396</td>\n",
              "      <td>0.372848</td>\n",
              "      <td>0.381935</td>\n",
              "      <td>0.437911</td>\n",
              "    </tr>\n",
              "    <tr>\n",
              "      <th>I</th>\n",
              "      <td>0.472805</td>\n",
              "      <td>0.284627</td>\n",
              "      <td>0.468997</td>\n",
              "      <td>0.451888</td>\n",
              "      <td>0.454199</td>\n",
              "      <td>0.227315</td>\n",
              "      <td>0.320258</td>\n",
              "      <td>1</td>\n",
              "      <td>0.433734</td>\n",
              "      <td>0.47648</td>\n",
              "      <td>0.52168</td>\n",
              "      <td>0.402624</td>\n",
              "      <td>0.527008</td>\n",
              "      <td>0.380446</td>\n",
              "      <td>0.448222</td>\n",
              "      <td>0.534396</td>\n",
              "      <td>0.369129</td>\n",
              "      <td>0.490382</td>\n",
              "      <td>0.527613</td>\n",
              "      <td>0.413315</td>\n",
              "    </tr>\n",
              "    <tr>\n",
              "      <th>D</th>\n",
              "      <td>0.488315</td>\n",
              "      <td>0.181662</td>\n",
              "      <td>0.390619</td>\n",
              "      <td>0.388071</td>\n",
              "      <td>0.286862</td>\n",
              "      <td>0.26224</td>\n",
              "      <td>0.342398</td>\n",
              "      <td>0.433734</td>\n",
              "      <td>1</td>\n",
              "      <td>0.520455</td>\n",
              "      <td>0.549414</td>\n",
              "      <td>0.479026</td>\n",
              "      <td>0.50824</td>\n",
              "      <td>0.421208</td>\n",
              "      <td>0.413024</td>\n",
              "      <td>0.547493</td>\n",
              "      <td>0.360296</td>\n",
              "      <td>0.581807</td>\n",
              "      <td>0.452207</td>\n",
              "      <td>0.42458</td>\n",
              "    </tr>\n",
              "    <tr>\n",
              "      <th>S</th>\n",
              "      <td>0.467044</td>\n",
              "      <td>0.176171</td>\n",
              "      <td>0.403698</td>\n",
              "      <td>0.401611</td>\n",
              "      <td>0.33559</td>\n",
              "      <td>0.246771</td>\n",
              "      <td>0.283113</td>\n",
              "      <td>0.47648</td>\n",
              "      <td>0.520455</td>\n",
              "      <td>1</td>\n",
              "      <td>0.537683</td>\n",
              "      <td>0.358812</td>\n",
              "      <td>0.439229</td>\n",
              "      <td>0.407601</td>\n",
              "      <td>0.507505</td>\n",
              "      <td>0.543883</td>\n",
              "      <td>0.509893</td>\n",
              "      <td>0.414364</td>\n",
              "      <td>0.462064</td>\n",
              "      <td>0.476645</td>\n",
              "    </tr>\n",
              "    <tr>\n",
              "      <th>T</th>\n",
              "      <td>0.433754</td>\n",
              "      <td>0.177573</td>\n",
              "      <td>0.416699</td>\n",
              "      <td>0.355068</td>\n",
              "      <td>0.269351</td>\n",
              "      <td>0.240293</td>\n",
              "      <td>0.314232</td>\n",
              "      <td>0.52168</td>\n",
              "      <td>0.549414</td>\n",
              "      <td>0.537683</td>\n",
              "      <td>1</td>\n",
              "      <td>0.510632</td>\n",
              "      <td>0.577125</td>\n",
              "      <td>0.485246</td>\n",
              "      <td>0.448717</td>\n",
              "      <td>0.484021</td>\n",
              "      <td>0.439952</td>\n",
              "      <td>0.62918</td>\n",
              "      <td>0.553718</td>\n",
              "      <td>0.492699</td>\n",
              "    </tr>\n",
              "    <tr>\n",
              "      <th>P</th>\n",
              "      <td>0.448539</td>\n",
              "      <td>0.156391</td>\n",
              "      <td>0.432234</td>\n",
              "      <td>0.395851</td>\n",
              "      <td>0.324281</td>\n",
              "      <td>0.299467</td>\n",
              "      <td>0.433682</td>\n",
              "      <td>0.402624</td>\n",
              "      <td>0.479026</td>\n",
              "      <td>0.358812</td>\n",
              "      <td>0.510632</td>\n",
              "      <td>1</td>\n",
              "      <td>0.515635</td>\n",
              "      <td>0.522761</td>\n",
              "      <td>0.425328</td>\n",
              "      <td>0.491983</td>\n",
              "      <td>0.438221</td>\n",
              "      <td>0.506071</td>\n",
              "      <td>0.537407</td>\n",
              "      <td>0.521332</td>\n",
              "    </tr>\n",
              "    <tr>\n",
              "      <th>F</th>\n",
              "      <td>0.42481</td>\n",
              "      <td>0.151423</td>\n",
              "      <td>0.393321</td>\n",
              "      <td>0.344006</td>\n",
              "      <td>0.312725</td>\n",
              "      <td>0.188448</td>\n",
              "      <td>0.33526</td>\n",
              "      <td>0.527008</td>\n",
              "      <td>0.50824</td>\n",
              "      <td>0.439229</td>\n",
              "      <td>0.577125</td>\n",
              "      <td>0.515635</td>\n",
              "      <td>1</td>\n",
              "      <td>0.442457</td>\n",
              "      <td>0.534747</td>\n",
              "      <td>0.529002</td>\n",
              "      <td>0.492132</td>\n",
              "      <td>0.578326</td>\n",
              "      <td>0.559324</td>\n",
              "      <td>0.565073</td>\n",
              "    </tr>\n",
              "    <tr>\n",
              "      <th>Q</th>\n",
              "      <td>0.50293</td>\n",
              "      <td>0.247047</td>\n",
              "      <td>0.546067</td>\n",
              "      <td>0.471352</td>\n",
              "      <td>0.385024</td>\n",
              "      <td>0.378527</td>\n",
              "      <td>0.399931</td>\n",
              "      <td>0.380446</td>\n",
              "      <td>0.421208</td>\n",
              "      <td>0.407601</td>\n",
              "      <td>0.485246</td>\n",
              "      <td>0.522761</td>\n",
              "      <td>0.442457</td>\n",
              "      <td>1</td>\n",
              "      <td>0.454685</td>\n",
              "      <td>0.521185</td>\n",
              "      <td>0.561724</td>\n",
              "      <td>0.415833</td>\n",
              "      <td>0.471438</td>\n",
              "      <td>0.548329</td>\n",
              "    </tr>\n",
              "    <tr>\n",
              "      <th>N</th>\n",
              "      <td>0.414336</td>\n",
              "      <td>0.182776</td>\n",
              "      <td>0.461902</td>\n",
              "      <td>0.40454</td>\n",
              "      <td>0.314626</td>\n",
              "      <td>0.198823</td>\n",
              "      <td>0.391594</td>\n",
              "      <td>0.448222</td>\n",
              "      <td>0.413024</td>\n",
              "      <td>0.507505</td>\n",
              "      <td>0.448717</td>\n",
              "      <td>0.425328</td>\n",
              "      <td>0.534747</td>\n",
              "      <td>0.454685</td>\n",
              "      <td>1</td>\n",
              "      <td>0.551494</td>\n",
              "      <td>0.44903</td>\n",
              "      <td>0.466179</td>\n",
              "      <td>0.531248</td>\n",
              "      <td>0.566264</td>\n",
              "    </tr>\n",
              "    <tr>\n",
              "      <th>Y</th>\n",
              "      <td>0.556169</td>\n",
              "      <td>0.279763</td>\n",
              "      <td>0.497467</td>\n",
              "      <td>0.447657</td>\n",
              "      <td>0.377968</td>\n",
              "      <td>0.244051</td>\n",
              "      <td>0.451791</td>\n",
              "      <td>0.534396</td>\n",
              "      <td>0.547493</td>\n",
              "      <td>0.543883</td>\n",
              "      <td>0.484021</td>\n",
              "      <td>0.491983</td>\n",
              "      <td>0.529002</td>\n",
              "      <td>0.521185</td>\n",
              "      <td>0.551494</td>\n",
              "      <td>1</td>\n",
              "      <td>0.452693</td>\n",
              "      <td>0.541381</td>\n",
              "      <td>0.562397</td>\n",
              "      <td>0.559546</td>\n",
              "    </tr>\n",
              "    <tr>\n",
              "      <th>H</th>\n",
              "      <td>0.516838</td>\n",
              "      <td>0.239668</td>\n",
              "      <td>0.456986</td>\n",
              "      <td>0.454337</td>\n",
              "      <td>0.521225</td>\n",
              "      <td>0.322443</td>\n",
              "      <td>0.338396</td>\n",
              "      <td>0.369129</td>\n",
              "      <td>0.360296</td>\n",
              "      <td>0.509893</td>\n",
              "      <td>0.439952</td>\n",
              "      <td>0.438221</td>\n",
              "      <td>0.492132</td>\n",
              "      <td>0.561724</td>\n",
              "      <td>0.44903</td>\n",
              "      <td>0.452693</td>\n",
              "      <td>1</td>\n",
              "      <td>0.461351</td>\n",
              "      <td>0.486011</td>\n",
              "      <td>0.581191</td>\n",
              "    </tr>\n",
              "    <tr>\n",
              "      <th>M</th>\n",
              "      <td>0.516488</td>\n",
              "      <td>0.266956</td>\n",
              "      <td>0.374331</td>\n",
              "      <td>0.293562</td>\n",
              "      <td>0.34473</td>\n",
              "      <td>0.154704</td>\n",
              "      <td>0.372848</td>\n",
              "      <td>0.490382</td>\n",
              "      <td>0.581807</td>\n",
              "      <td>0.414364</td>\n",
              "      <td>0.62918</td>\n",
              "      <td>0.506071</td>\n",
              "      <td>0.578326</td>\n",
              "      <td>0.415833</td>\n",
              "      <td>0.466179</td>\n",
              "      <td>0.541381</td>\n",
              "      <td>0.461351</td>\n",
              "      <td>1</td>\n",
              "      <td>0.665399</td>\n",
              "      <td>0.593847</td>\n",
              "    </tr>\n",
              "    <tr>\n",
              "      <th>W</th>\n",
              "      <td>0.603085</td>\n",
              "      <td>0.282818</td>\n",
              "      <td>0.562069</td>\n",
              "      <td>0.418318</td>\n",
              "      <td>0.45078</td>\n",
              "      <td>0.225456</td>\n",
              "      <td>0.381935</td>\n",
              "      <td>0.527613</td>\n",
              "      <td>0.452207</td>\n",
              "      <td>0.462064</td>\n",
              "      <td>0.553718</td>\n",
              "      <td>0.537407</td>\n",
              "      <td>0.559324</td>\n",
              "      <td>0.471438</td>\n",
              "      <td>0.531248</td>\n",
              "      <td>0.562397</td>\n",
              "      <td>0.486011</td>\n",
              "      <td>0.665399</td>\n",
              "      <td>1</td>\n",
              "      <td>0.677034</td>\n",
              "    </tr>\n",
              "    <tr>\n",
              "      <th>C</th>\n",
              "      <td>0.581374</td>\n",
              "      <td>0.240928</td>\n",
              "      <td>0.451392</td>\n",
              "      <td>0.406703</td>\n",
              "      <td>0.360359</td>\n",
              "      <td>0.310332</td>\n",
              "      <td>0.437911</td>\n",
              "      <td>0.413315</td>\n",
              "      <td>0.42458</td>\n",
              "      <td>0.476645</td>\n",
              "      <td>0.492699</td>\n",
              "      <td>0.521332</td>\n",
              "      <td>0.565073</td>\n",
              "      <td>0.548329</td>\n",
              "      <td>0.566264</td>\n",
              "      <td>0.559546</td>\n",
              "      <td>0.581191</td>\n",
              "      <td>0.593847</td>\n",
              "      <td>0.677034</td>\n",
              "      <td>1</td>\n",
              "    </tr>\n",
              "  </tbody>\n",
              "</table>\n",
              "</div>\n",
              "    <div class=\"colab-df-buttons\">\n",
              "\n",
              "  <div class=\"colab-df-container\">\n",
              "    <button class=\"colab-df-convert\" onclick=\"convertToInteractive('df-928c3888-cd81-4815-aa8f-dde1e8b78e50')\"\n",
              "            title=\"Convert this dataframe to an interactive table.\"\n",
              "            style=\"display:none;\">\n",
              "\n",
              "  <svg xmlns=\"http://www.w3.org/2000/svg\" height=\"24px\" viewBox=\"0 -960 960 960\">\n",
              "    <path d=\"M120-120v-720h720v720H120Zm60-500h600v-160H180v160Zm220 220h160v-160H400v160Zm0 220h160v-160H400v160ZM180-400h160v-160H180v160Zm440 0h160v-160H620v160ZM180-180h160v-160H180v160Zm440 0h160v-160H620v160Z\"/>\n",
              "  </svg>\n",
              "    </button>\n",
              "\n",
              "  <style>\n",
              "    .colab-df-container {\n",
              "      display:flex;\n",
              "      gap: 12px;\n",
              "    }\n",
              "\n",
              "    .colab-df-convert {\n",
              "      background-color: #E8F0FE;\n",
              "      border: none;\n",
              "      border-radius: 50%;\n",
              "      cursor: pointer;\n",
              "      display: none;\n",
              "      fill: #1967D2;\n",
              "      height: 32px;\n",
              "      padding: 0 0 0 0;\n",
              "      width: 32px;\n",
              "    }\n",
              "\n",
              "    .colab-df-convert:hover {\n",
              "      background-color: #E2EBFA;\n",
              "      box-shadow: 0px 1px 2px rgba(60, 64, 67, 0.3), 0px 1px 3px 1px rgba(60, 64, 67, 0.15);\n",
              "      fill: #174EA6;\n",
              "    }\n",
              "\n",
              "    .colab-df-buttons div {\n",
              "      margin-bottom: 4px;\n",
              "    }\n",
              "\n",
              "    [theme=dark] .colab-df-convert {\n",
              "      background-color: #3B4455;\n",
              "      fill: #D2E3FC;\n",
              "    }\n",
              "\n",
              "    [theme=dark] .colab-df-convert:hover {\n",
              "      background-color: #434B5C;\n",
              "      box-shadow: 0px 1px 3px 1px rgba(0, 0, 0, 0.15);\n",
              "      filter: drop-shadow(0px 1px 2px rgba(0, 0, 0, 0.3));\n",
              "      fill: #FFFFFF;\n",
              "    }\n",
              "  </style>\n",
              "\n",
              "    <script>\n",
              "      const buttonEl =\n",
              "        document.querySelector('#df-928c3888-cd81-4815-aa8f-dde1e8b78e50 button.colab-df-convert');\n",
              "      buttonEl.style.display =\n",
              "        google.colab.kernel.accessAllowed ? 'block' : 'none';\n",
              "\n",
              "      async function convertToInteractive(key) {\n",
              "        const element = document.querySelector('#df-928c3888-cd81-4815-aa8f-dde1e8b78e50');\n",
              "        const dataTable =\n",
              "          await google.colab.kernel.invokeFunction('convertToInteractive',\n",
              "                                                    [key], {});\n",
              "        if (!dataTable) return;\n",
              "\n",
              "        const docLinkHtml = 'Like what you see? Visit the ' +\n",
              "          '<a target=\"_blank\" href=https://colab.research.google.com/notebooks/data_table.ipynb>data table notebook</a>'\n",
              "          + ' to learn more about interactive tables.';\n",
              "        element.innerHTML = '';\n",
              "        dataTable['output_type'] = 'display_data';\n",
              "        await google.colab.output.renderOutput(dataTable, element);\n",
              "        const docLink = document.createElement('div');\n",
              "        docLink.innerHTML = docLinkHtml;\n",
              "        element.appendChild(docLink);\n",
              "      }\n",
              "    </script>\n",
              "  </div>\n",
              "\n",
              "\n",
              "<div id=\"df-e970eb11-a77a-4865-b15d-922bce91a0ac\">\n",
              "  <button class=\"colab-df-quickchart\" onclick=\"quickchart('df-e970eb11-a77a-4865-b15d-922bce91a0ac')\"\n",
              "            title=\"Suggest charts\"\n",
              "            style=\"display:none;\">\n",
              "\n",
              "<svg xmlns=\"http://www.w3.org/2000/svg\" height=\"24px\"viewBox=\"0 0 24 24\"\n",
              "     width=\"24px\">\n",
              "    <g>\n",
              "        <path d=\"M19 3H5c-1.1 0-2 .9-2 2v14c0 1.1.9 2 2 2h14c1.1 0 2-.9 2-2V5c0-1.1-.9-2-2-2zM9 17H7v-7h2v7zm4 0h-2V7h2v10zm4 0h-2v-4h2v4z\"/>\n",
              "    </g>\n",
              "</svg>\n",
              "  </button>\n",
              "\n",
              "<style>\n",
              "  .colab-df-quickchart {\n",
              "      --bg-color: #E8F0FE;\n",
              "      --fill-color: #1967D2;\n",
              "      --hover-bg-color: #E2EBFA;\n",
              "      --hover-fill-color: #174EA6;\n",
              "      --disabled-fill-color: #AAA;\n",
              "      --disabled-bg-color: #DDD;\n",
              "  }\n",
              "\n",
              "  [theme=dark] .colab-df-quickchart {\n",
              "      --bg-color: #3B4455;\n",
              "      --fill-color: #D2E3FC;\n",
              "      --hover-bg-color: #434B5C;\n",
              "      --hover-fill-color: #FFFFFF;\n",
              "      --disabled-bg-color: #3B4455;\n",
              "      --disabled-fill-color: #666;\n",
              "  }\n",
              "\n",
              "  .colab-df-quickchart {\n",
              "    background-color: var(--bg-color);\n",
              "    border: none;\n",
              "    border-radius: 50%;\n",
              "    cursor: pointer;\n",
              "    display: none;\n",
              "    fill: var(--fill-color);\n",
              "    height: 32px;\n",
              "    padding: 0;\n",
              "    width: 32px;\n",
              "  }\n",
              "\n",
              "  .colab-df-quickchart:hover {\n",
              "    background-color: var(--hover-bg-color);\n",
              "    box-shadow: 0 1px 2px rgba(60, 64, 67, 0.3), 0 1px 3px 1px rgba(60, 64, 67, 0.15);\n",
              "    fill: var(--button-hover-fill-color);\n",
              "  }\n",
              "\n",
              "  .colab-df-quickchart-complete:disabled,\n",
              "  .colab-df-quickchart-complete:disabled:hover {\n",
              "    background-color: var(--disabled-bg-color);\n",
              "    fill: var(--disabled-fill-color);\n",
              "    box-shadow: none;\n",
              "  }\n",
              "\n",
              "  .colab-df-spinner {\n",
              "    border: 2px solid var(--fill-color);\n",
              "    border-color: transparent;\n",
              "    border-bottom-color: var(--fill-color);\n",
              "    animation:\n",
              "      spin 1s steps(1) infinite;\n",
              "  }\n",
              "\n",
              "  @keyframes spin {\n",
              "    0% {\n",
              "      border-color: transparent;\n",
              "      border-bottom-color: var(--fill-color);\n",
              "      border-left-color: var(--fill-color);\n",
              "    }\n",
              "    20% {\n",
              "      border-color: transparent;\n",
              "      border-left-color: var(--fill-color);\n",
              "      border-top-color: var(--fill-color);\n",
              "    }\n",
              "    30% {\n",
              "      border-color: transparent;\n",
              "      border-left-color: var(--fill-color);\n",
              "      border-top-color: var(--fill-color);\n",
              "      border-right-color: var(--fill-color);\n",
              "    }\n",
              "    40% {\n",
              "      border-color: transparent;\n",
              "      border-right-color: var(--fill-color);\n",
              "      border-top-color: var(--fill-color);\n",
